0.23443731665611267
0.26267117261886597
0.25701016187667847
0.2370147705078125
0.25050610303878784
0.24198786914348602
0.20330047607421875
-1.0
0.5506109595298767
0.25151175260543823
0.22676357626914978
0.3054274022579193
0.3017151951789856
0.3991169035434723
0.25451695919036865
0.30224552750587463
0.21615725755691528
0.3858589828014374
0.2810327708721161
0.25928977131843567
0.5422142744064331
0.3414890766143799
0.39381369948387146
0.2453247308731079
0.3462618589401245
0.3819699287414551
0.7630916833877563
0.7435582876205444
0.7153630256652832
0.8294696807861328
0.7384319305419922
0.752971351146698
0.8239898085594177
0.7777637243270874
0.8290278315544128
0.8490915298461914
0.864912748336792
0.864912748336792
0.864912748336792
0.8329168558120728
0.4196225106716156
0.8239898085594177
0.23443731665611267
0.263153076171875
0.2570940852165222
0.23703384399414062
0.24910736083984375
0.7696322798728943
0.7696322798728943
0.736575722694397
0.75089430809021
0.7795314788818359
0.7474472522735596
0.9124644994735718
0.8201007843017578
0.8734860420227051
0.7413485646247864
0.784834623336792
0.7723721861839294
